No	TMNo	EnNo	Name	INOUT	Mode	DateTime
7846	1	415		0	0	2018/05/07 08:33:57
7847	1	420		0	0	2018/05/07 08:34:01
7848	1	420		1	0	2018/05/07 08:39:59
7849	1	420		0	0	2018/05/07 08:46:56
7850	1	420		1	0	2018/05/07 09:02:55
7851	1	420		0	0	2018/05/07 09:04:13
7852	1	416		0	0	2018/05/07 09:08:27
7853	1	436		0	0	2018/05/07 09:40:17
7854	1	420		1	0	2018/05/07 09:47:39
7855	1	420		0	0	2018/05/07 09:48:08
7856	1	425		0	0	2018/05/07 09:56:43
7857	1	450		0	0	2018/05/07 09:56:56
7858	1	420		1	0	2018/05/07 09:59:30
7859	1	420		0	0	2018/05/07 10:00:25
7860	1	393		0	0	2018/05/07 10:07:28
7861	1	426		0	0	2018/05/07 10:12:01
7862	1	415		0	0	2018/05/07 10:12:56
7863	1	384		0	0	2018/05/07 10:13:03
7864	1	420		1	0	2018/05/07 10:14:54
7865	1	405		0	0	2018/05/07 10:17:21
7866	1	387		0	0	2018/05/07 10:17:39
7867	1	420		0	0	2018/05/07 10:18:02
7868	1	429		0	0	2018/05/07 10:19:35
7869	1	417		0	0	2018/05/07 10:19:40
7870	1	363		0	0	2018/05/07 10:20:14
7871	1	420		1	0	2018/05/07 10:21:14
7872	1	420		1	0	2018/05/07 10:21:58
7873	1	437		0	0	2018/05/07 10:22:58
7874	1	452		0	0	2018/05/07 10:24:40
7875	1	397		0	0	2018/05/07 10:24:55
7876	1	447		0	0	2018/05/07 10:25:19
7877	1	386		0	0	2018/05/07 10:26:58
7878	1	387		1	0	2018/05/07 10:28:06
7879	1	387		0	0	2018/05/07 10:29:48
7880	1	368		0	0	2018/05/07 10:33:43
7881	1	425		1	0	2018/05/07 10:33:44
7882	1	425		0	0	2018/05/07 10:36:00
7883	1	394		0	0	2018/05/07 10:39:40
7884	1	313		0	0	2018/05/07 10:41:10
7885	1	391		0	0	2018/05/07 10:43:31
7886	1	449		0	0	2018/05/07 10:44:26
7887	1	288		0	0	2018/05/07 10:46:00
7888	1	432		0	0	2018/05/07 10:51:01
7889	1	387		1	0	2018/05/07 10:52:36
7890	1	452		1	0	2018/05/07 10:56:51
7891	1	387		0	0	2018/05/07 10:57:03
7892	1	452		0	0	2018/05/07 10:57:10
7893	1	449		1	0	2018/05/07 10:58:00
7894	1	449		0	0	2018/05/07 10:59:19
7895	1	446		0	0	2018/05/07 11:02:18
7896	1	449		1	0	2018/05/07 11:02:53
7897	1	449		0	0	2018/05/07 11:05:44
7898	1	449		1	0	2018/05/07 11:11:31
7899	1	449		0	0	2018/05/07 11:15:16
7900	1	420		0	0	2018/05/07 11:17:38
7901	1	416		1	0	2018/05/07 11:18:48
7902	1	420		1	0	2018/05/07 11:20:38
7903	1	416		0	0	2018/05/07 11:21:32
7904	1	417		1	0	2018/05/07 11:23:52
7905	1	420		1	0	2018/05/07 11:25:11
7906	1	363		1	0	2018/05/07 11:26:38
7907	1	363		0	0	2018/05/07 11:28:38
7908	1	420		0	0	2018/05/07 11:32:45
7909	1	420		1	0	2018/05/07 11:34:47
7910	1	420		0	0	2018/05/07 11:35:24
7911	1	420		0	0	2018/05/07 11:35:36
7912	1	363		1	0	2018/05/07 11:40:37
7913	1	363		0	0	2018/05/07 11:41:12
7914	1	450		1	0	2018/05/07 11:41:44
7915	1	437		1	0	2018/05/07 11:41:58
7916	1	450		0	0	2018/05/07 11:43:59
7917	1	415		0	0	2018/05/07 11:44:26
7918	1	437		0	0	2018/05/07 11:44:39
7919	1	452		1	0	2018/05/07 11:56:22
7920	1	452		0	0	2018/05/07 11:58:51
7921	1	397		1	0	2018/05/07 12:02:39
7922	1	415		1	0	2018/05/07 12:04:24
7923	1	415		0	0	2018/05/07 12:05:52
7924	1	415		1	0	2018/05/07 12:08:55
7925	1	446		1	0	2018/05/07 12:11:32
7926	1	397		0	0	2018/05/07 12:14:12
7927	1	446		0	0	2018/05/07 12:14:27
7928	1	417		1	0	2018/05/07 12:15:09
7929	1	429		1	0	2018/05/07 12:15:50
7930	1	420		0	0	2018/05/07 12:16:29
7931	1	426		1	0	2018/05/07 12:16:51
7932	1	426		0	0	2018/05/07 12:17:23
7933	1	417		0	0	2018/05/07 12:18:04
7934	1	415		0	0	2018/05/07 12:20:30
7935	1	391		1	0	2018/05/07 12:20:33
7936	1	415		1	0	2018/05/07 12:23:38
7937	1	415		0	0	2018/05/07 12:24:10
7938	1	415		1	0	2018/05/07 12:25:58
7939	1	429		0	0	2018/05/07 12:26:50
7940	1	391		0	0	2018/05/07 12:31:57
7941	1	446		1	0	2018/05/07 12:32:28
7942	1	446		0	0	2018/05/07 12:34:40
7943	1	436		1	0	2018/05/07 12:35:00
7944	1	416		1	0	2018/05/07 12:36:00
7945	1	436		0	0	2018/05/07 12:37:38
7946	1	416		0	0	2018/05/07 12:39:00
7947	1	429		1	0	2018/05/07 12:42:40
7948	1	450		1	0	2018/05/07 12:47:29
7949	1	420		0	0	2018/05/07 12:48:14
7950	1	420		1	0	2018/05/07 12:48:40
7951	1	450		0	0	2018/05/07 12:49:55
7952	1	429		0	0	2018/05/07 12:50:29
7953	1	417		0	0	2018/05/07 12:51:49
7954	1	420		0	0	2018/05/07 12:54:50
7955	1	420		1	0	2018/05/07 12:55:30
7956	1	449		1	0	2018/05/07 12:55:39
7957	1	449		0	0	2018/05/07 12:56:01
7958	1	449		1	0	2018/05/07 12:57:05
7959	1	449		0	0	2018/05/07 12:58:38
7960	1	447		1	0	2018/05/07 13:00:13
7961	1	415		0	0	2018/05/07 13:01:40
7962	1	447		0	0	2018/05/07 13:03:13
7963	1	397		1	0	2018/05/07 13:04:38
7964	1	449		1	0	2018/05/07 13:05:11
7965	1	397		0	0	2018/05/07 13:06:55
7966	1	449		0	0	2018/05/07 13:07:02
7967	1	386		1	0	2018/05/07 13:08:21
7968	1	425		0	0	2018/05/07 13:09:29
7969	1	386		0	0	2018/05/07 13:11:41
7970	1	415		1	0	2018/05/07 13:12:33
7971	1	384		1	0	2018/05/07 13:23:27
7972	1	397		1	0	2018/05/07 13:24:18
7973	1	416		1	0	2018/05/07 13:24:39
7974	1	429		1	0	2018/05/07 13:25:18
7975	1	425		1	0	2018/05/07 13:26:24
7976	1	391		1	0	2018/05/07 13:32:24
7977	1	368		1	0	2018/05/07 13:34:41
7978	1	446		1	0	2018/05/07 13:34:50
7979	1	446		0	0	2018/05/07 13:36:34
7980	1	415		1	0	2018/05/07 13:40:49
7981	1	415		0	0	2018/05/07 13:41:17
7982	1	437		1	0	2018/05/07 13:41:43
7983	1	450		1	0	2018/05/07 13:42:17
7984	1	447		1	0	2018/05/07 13:42:21
7985	1	449		1	0	2018/05/07 13:43:09
7986	1	416		0	0	2018/05/07 13:44:24
7987	1	429		0	0	2018/05/07 13:46:08
7988	1	397		1	0	2018/05/07 13:47:01
7989	1	417		1	0	2018/05/07 13:48:46
7990	1	420		1	0	2018/05/07 13:50:00
7991	1	363		1	0	2018/05/07 13:51:25
7992	1	387		1	0	2018/05/07 13:51:29
7993	1	405		1	0	2018/05/07 13:51:46
7994	1	313		1	0	2018/05/07 13:54:12
7995	1	415		1	0	2018/05/07 13:55:48
7996	1	426		1	0	2018/05/07 13:56:40
7997	1	437		0	0	2018/05/07 13:57:23
7998	1	446		1	0	2018/05/07 13:58:24
7999	1	446		0	0	2018/05/07 13:59:10
8000	1	420		0	0	2018/05/07 14:00:23
8001	1	386		0	0	2018/05/07 14:00:56
8002	1	415		0	0	2018/05/07 14:02:50
8003	1	415		1	0	2018/05/07 14:03:45
8004	1	420		1	0	2018/05/07 14:04:25
8005	1	384		0	0	2018/05/07 14:06:09
8006	1	391		0	0	2018/05/07 14:06:24
8007	1	425		0	0	2018/05/07 14:06:36
8008	1	368		0	0	2018/05/07 14:06:38
8009	1	397		0	0	2018/05/07 14:06:40
8010	1	417		0	0	2018/05/07 14:06:56
8011	1	432		1	0	2018/05/07 14:07:41
8012	1	415		1	0	2018/05/07 14:08:06
8013	1	449		0	0	2018/05/07 14:12:27
8014	1	420		1	0	2018/05/07 14:13:12
8015	1	420		1	0	2018/05/07 14:14:37
8016	1	426		0	0	2018/05/07 14:19:06
8017	1	415		0	0	2018/05/07 14:24:34
8018	1	405		0	0	2018/05/07 14:25:32
8019	1	363		0	0	2018/05/07 14:25:37
8020	1	420		0	0	2018/05/07 14:27:04
8021	1	415		0	0	2018/05/07 14:28:37
8022	1	420		1	0	2018/05/07 14:29:05
8023	1	447		0	0	2018/05/07 14:29:12
8024	1	450		0	0	2018/05/07 14:29:14
8025	1	452		0	0	2018/05/07 14:29:17
8026	1	415		1	0	2018/05/07 14:30:44
8027	1	432		0	6	2018/05/07 14:31:23
8028	1	313		0	6	2018/05/07 14:43:06
8029	1	449		1	6	2018/05/07 14:50:00
8030	1	449		0	6	2018/05/07 14:50:30
8031	1	429		1	6	2018/05/07 15:12:01
8032	1	429		0	6	2018/05/07 15:16:08
8033	1	420		0	6	2018/05/07 15:18:24
8034	1	420		1	6	2018/05/07 15:19:47
8035	1	437		1	6	2018/05/07 15:29:16
8036	1	437		0	6	2018/05/07 15:29:22
8037	1	436		1	6	2018/05/07 15:32:58
8038	1	436		0	6	2018/05/07 15:35:58
8039	1	415		0	6	2018/05/07 15:39:13
8040	1	420		0	0	2018/05/07 15:39:59
8041	1	376		0	0	2018/05/07 15:41:31
8042	1	415		1	0	2018/05/07 15:43:35
8043	1	420		0	0	2018/05/07 15:45:44
8044	1	415		1	0	2018/05/07 15:48:47
8045	1	387		1	0	2018/05/07 15:53:27
8046	1	387		0	0	2018/05/07 16:03:04
8047	1	386		1	0	2018/05/07 16:08:02
8048	1	386		0	0	2018/05/07 16:11:18
8049	1	420		1	0	2018/05/07 16:12:24
8050	1	420		0	0	2018/05/07 16:13:17
8051	1	420		1	0	2018/05/07 16:14:35
8052	1	368		1	0	2018/05/07 16:15:28
8053	1	368		0	0	2018/05/07 16:18:31
8054	1	397		1	0	2018/05/07 16:19:31
8055	1	415		0	0	2018/05/07 16:21:17
8056	1	397		0	0	2018/05/07 16:21:26
8057	1	432		1	0	2018/05/07 16:24:35
8058	1	415		1	0	2018/05/07 16:26:01
8059	1	432		0	0	2018/05/07 16:26:46
8060	1	415		0	0	2018/05/07 16:29:22
8061	1	415		1	0	2018/05/07 16:30:28
8062	1	363		1	0	2018/05/07 16:34:56
8063	1	363		0	0	2018/05/07 16:37:51
8064	1	420		0	0	2018/05/07 16:39:51
8065	1	420		0	0	2018/05/07 16:40:12
8066	1	420		1	0	2018/05/07 16:41:29
8067	1	420		1	0	2018/05/07 16:43:02
8068	1	420		0	0	2018/05/07 16:43:58
8069	1	415		0	0	2018/05/07 16:46:54
8070	1	417		1	0	2018/05/07 16:48:24
8071	1	415		0	0	2018/05/07 16:51:02
8072	1	405		1	0	2018/05/07 16:54:06
8073	1	405		0	0	2018/05/07 16:54:59
8074	1	417		0	0	2018/05/07 16:55:50
8075	1	415		1	0	2018/05/07 16:56:27
8076	1	446		1	0	2018/05/07 16:56:43
8077	1	446		0	0	2018/05/07 16:58:44
8078	1	384		1	0	2018/05/07 17:01:52
8079	1	447		1	0	2018/05/07 17:03:27
8080	1	384		0	0	2018/05/07 17:04:35
8081	1	447		0	0	2018/05/07 17:07:27
8082	1	420		0	0	2018/05/07 17:09:21
8083	1	416		1	0	2018/05/07 17:10:09
8084	1	416		0	0	2018/05/07 17:12:13
8085	1	397		1	0	2018/05/07 17:12:35
8086	1	397		0	0	2018/05/07 17:14:46
8087	1	415		0	0	2018/05/07 17:17:26
8088	1	420		0	0	2018/05/07 17:19:53
8089	1	420		1	0	2018/05/07 17:20:34
8090	1	415		1	0	2018/05/07 17:21:39
8091	1	420		0	0	2018/05/07 17:25:15
8092	1	363		1	0	2018/05/07 17:27:51
8093	1	425		1	0	2018/05/07 17:28:19
8094	1	420		1	0	2018/05/07 17:28:48
8095	1	425		0	0	2018/05/07 17:29:05
8096	1	429		1	0	2018/05/07 17:30:34
8097	1	415		1	0	2018/05/07 17:33:36
8098	1	429		0	0	2018/05/07 17:34:59
8099	1	429		0	0	2018/05/07 17:35:00
8100	1	420		0	0	2018/05/07 17:37:15
8101	1	420		1	0	2018/05/07 17:38:38
8102	1	437		1	0	2018/05/07 17:40:56
8103	1	437		0	0	2018/05/07 17:42:25
8104	1	452		1	0	2018/05/07 17:46:37
8105	1	436		1	0	2018/05/07 17:47:26
8106	1	415		1	0	2018/05/07 17:49:00
8107	1	436		0	0	2018/05/07 17:50:38
8108	1	452		0	0	2018/05/07 17:51:16
8109	1	415		0	0	2018/05/07 17:51:49
8110	1	387		0	0	2018/05/07 17:58:08
8111	1	363		0	0	2018/05/07 17:58:11
8112	1	417		0	0	2018/05/07 17:58:13
8113	1	405		1	0	2018/05/07 18:01:10
8114	1	405		0	0	2018/05/07 18:02:43
8115	1	397		1	0	2018/05/07 18:11:03
8116	1	368		1	0	2018/05/07 18:12:20
8117	1	397		0	0	2018/05/07 18:12:54
8118	1	415		0	0	2018/05/07 18:14:13
8119	1	415		1	0	2018/05/07 18:14:53
8120	1	368		0	0	2018/05/07 18:17:06
8121	1	437		1	0	2018/05/07 18:20:29
8122	1	437		0	0	2018/05/07 18:21:45
8123	1	425		1	0	2018/05/07 18:23:17
8124	1	436		1	0	2018/05/07 18:33:30
8125	1	420		0	0	2018/05/07 18:38:44
8126	1	449		1	0	2018/05/07 18:39:23
8127	1	415		1	0	2018/05/07 18:40:31
8128	1	415		1	0	2018/05/07 18:40:33
8129	1	446		1	0	2018/05/07 18:42:28
8130	1	449		0	0	2018/05/07 18:42:46
8131	1	420		1	0	2018/05/07 18:43:32
8132	1	446		0	0	2018/05/07 18:44:36
8133	1	416		1	0	2018/05/07 18:45:55
8134	1	397		1	0	2018/05/07 18:48:59
8135	1	397		0	0	2018/05/07 18:50:58
8136	1	376		1	0	2018/05/07 18:51:28
8137	1	397		0	0	2018/05/07 18:52:48
8138	1	450		1	0	2018/05/07 18:57:10
8139	1	450		0	0	2018/05/07 18:59:32
8140	1	449		1	0	2018/05/07 19:00:04
8141	1	376		0	0	2018/05/07 19:00:17
8142	1	384		1	0	2018/05/07 19:12:55
8143	1	429		1	0	2018/05/07 19:31:08
8144	1	417		1	0	2018/05/07 19:31:22
8145	1	391		1	0	2018/05/07 19:32:27
8146	1	393		1	0	2018/05/07 19:33:05
8147	1	415		1	0	2018/05/07 19:34:57
8148	1	386		1	0	2018/05/07 19:35:30
8149	1	288		1	0	2018/05/07 19:41:46
8150	1	313		1	0	2018/05/07 19:41:49
8151	1	447		1	0	2018/05/07 19:43:00
8152	1	450		1	0	2018/05/07 19:43:07
8153	1	452		1	0	2018/05/07 19:44:15
8154	1	394		1	0	2018/05/07 19:48:00
8155	1	397		1	0	2018/05/07 19:48:03
8156	1	420		1	0	2018/05/07 19:48:53
8157	1	415		0	0	2018/05/07 19:56:02
8158	1	415		1	0	2018/05/07 19:57:48
8159	1	376		1	0	2018/05/07 20:02:50
8160	1	376		0	0	2018/05/07 20:08:30
8161	1	432		1	0	2018/05/07 20:09:09
8162	1	415		0	0	2018/05/07 20:12:14
8163	1	363		1	0	2018/05/07 20:15:31
8164	1	437		1	0	2018/05/07 20:21:42
8165	1	446		1	0	2018/05/07 20:21:44
8166	1	415		0	0	2018/05/07 20:22:14
8167	1	415		1	0	2018/05/07 20:24:59
8168	1	415		0	0	2018/05/07 20:30:26
8169	1	420		0	0	2018/05/07 20:37:44
8170	1	420		1	0	2018/05/07 20:38:57
8171	1	368		1	0	2018/05/07 20:40:26
8172	1	376		1	0	2018/05/07 20:40:29
8173	1	420		0	0	2018/05/07 20:50:11
8174	1	420		1	0	2018/05/07 20:51:13
8175	1	387		1	0	2018/05/07 21:03:11
8176	1	387		0	0	2018/05/07 21:10:42
8177	1	420		0	0	2018/05/07 21:38:35
8178	1	415		0	0	2018/05/07 21:39:36
8179	1	415		1	0	2018/05/07 21:41:19
8180	1	415		0	0	2018/05/07 21:41:53
8181	1	415		0	0	2018/05/07 21:41:55
8182	1	405		1	0	2018/05/07 21:42:01
8183	1	387		1	0	2018/05/07 21:42:03
8184	1	415		0	0	2018/05/07 21:44:00
8185	1	415		0	0	2018/05/07 21:44:22
8186	1	415		0	0	2018/05/08 09:05:55
8187	1	415		0	0	2018/05/08 09:05:56
8188	1	415		0	0	2018/05/08 09:06:23
8189	1	415		1	0	2018/05/08 09:08:40
8190	1	416		0	0	2018/05/08 09:10:20
8191	1	313		0	0	2018/05/08 09:19:36
8192	1	420		0	0	2018/05/08 09:21:37
8193	1	420		1	0	2018/05/08 09:24:26
8194	1	420		0	0	2018/05/08 09:39:22
8195	1	420		0	0	2018/05/08 09:39:35
8196	1	425		0	0	2018/05/08 09:44:31
8197	1	436		0	0	2018/05/08 09:45:09
8198	1	449		0	0	2018/05/08 09:45:35
8199	1	417		0	0	2018/05/08 09:49:56
8200	1	393		0	0	2018/05/08 09:54:15
8201	1	450		0	0	2018/05/08 09:58:41
8202	1	391		0	0	2018/05/08 10:04:39
8203	1	447		0	0	2018/05/08 10:04:55
8204	1	420		1	0	2018/05/08 10:05:37
8205	1	386		0	0	2018/05/08 10:18:28
8206	1	384		0	0	2018/05/08 10:20:59
8207	1	437		0	0	2018/05/08 10:26:13
8208	1	429		0	0	2018/05/08 10:27:24
8209	1	300		0	0	2018/05/08 10:31:25
8210	1	302		0	0	2018/05/08 10:33:05
8211	1	452		0	0	2018/05/08 10:33:20
8212	1	394		0	0	2018/05/08 10:34:54
8213	1	415		1	0	2018/05/08 10:36:19
8214	1	397		0	0	2018/05/08 10:36:30
8215	1	288		0	0	2018/05/08 10:37:10
8216	1	431		0	0	2018/05/08 10:38:15
8217	1	368		0	0	2018/05/08 10:41:04
8218	1	387		0	0	2018/05/08 10:41:37
8219	1	405		0	0	2018/05/08 10:41:41
8220	1	446		0	0	2018/05/08 10:51:55
8221	1	432		0	0	2018/05/08 10:53:58
8222	1	387		1	0	2018/05/08 10:55:06
8223	1	387		0	0	2018/05/08 11:03:09
8224	1	384		1	0	2018/05/08 11:11:24
8225	1	384		0	0	2018/05/08 11:13:35
8226	1	415		1	0	2018/05/08 11:14:58
8227	1	429		1	0	2018/05/08 11:21:58
8228	1	425		1	0	2018/05/08 11:24:19
8229	1	429		0	0	2018/05/08 11:26:03
8230	1	450		1	0	2018/05/08 11:27:07
8231	1	425		0	0	2018/05/08 11:28:26
8232	1	436		1	0	2018/05/08 11:28:55
8233	1	450		0	0	2018/05/08 11:29:15
8234	1	449		1	0	2018/05/08 11:29:30